1. npm run-script build
2. Get the packages.json from fspm-build/vfr-map.zip
3. copy it into dist/
4. fspm app add ./dist



/*var trace = [
  [46.42402, -1.78505],
  [46.4276, -1.7923],
  [46.4219, -1.8185],
  [46.4185, -1.8488],
  [46.4146, -1.8752],
  [46.4064, -1.9086],
  [46.4002, -1.9384],
  [46.3948, -1.9684],
  [46.3891, -2.0001],
  [46.3837, -2.0322],
  [46.3775, -2.0654],
  [46.3713, -2.0991],
  [46.3666, -2.1313],
  [46.3587, -2.1707],
  [46.354, -2.202],
  [46.35, -2.2305],
  [46.3452, -2.2596],
  [46.3389, -2.2891],
  [46.3302, -2.3257],
  [46.3217, -2.3614],
  [46.3133, -2.3955],
  [46.3041, -2.4291],
  [46.2953, -2.4622],
  [46.2867, -2.4974],
  [46.278, -2.5275],
  [46.2695, -2.5692],
  [46.2597, -2.6079],
  [46.2484, -2.6467],
  [46.2361, -2.6799],
  [46.2268, -2.717],
  [46.2178, -2.7499],
  [46.2094, -2.7825],
  [46.2023, -2.8158],
  [46.1958, -2.8445],
  [46.1869, -2.8758],
  [46.1804, -2.9008],
  [46.1715, -2.9319],
  [46.1631, -2.9608],
  [46.1496, -2.9782],
  [46.1374, -2.9937],
  [46.1257, -3.0064],
  [46.1147, -3.0229],
  [46.1053, -3.0397],
  [46.0969, -3.0564],
  [46.0893, -3.0761],
  [46.0834, -3.0903],
  [46.0765, -3.1068],
  [46.069, -3.1204],
  [46.0236, -3.2481],
  [45.9937, -3.3368],
  [45.9404, -3.5151],
  [45.8872, -3.6696],
  [45.8383, -3.8361],
  [45.7868, -4.0085],
  [45.7299, -4.1551],
  [45.6622, -4.3474],
  [45.5527, -4.5662],
  [45.5106, -4.743],
  [45.3828, -4.8951],
  [45.3222, -5.1153],
  [45.2324, -5.3052],
  [45.1651, -5.4886],
  [45.1052, -5.6887],
  [45.0154, -5.8985],
  [44.8961, -6.1064],
  [44.8036, -6.3284],
  [44.7381, -6.4599],
  [44.6576, -6.6601],
  [44.5564, -6.8078],
  [44.5038, -6.9717],
  [44.4158, -7.1609],
  [44.3055, -7.3612],
  [44.2479, -7.538],
  [44.1778, -7.7139],
  [44.1003, -7.907],
  [44.0336, -8.089],
  [43.9693, -8.2459],
  [43.9197, -8.3832],
  [43.8843, -8.5307],
  [43.7934, -8.6608],
  [43.6843, -8.7858],
  [43.5823, -8.9074],
  [43.4795, -9.0213],
  [43.3903, -9.1459],
  [43.2621, -9.2636],
  [43.1286, -9.3651],
  [43.0061, -9.4591],
  [42.9138, -9.585],
  [42.8257, -9.7053],
  [42.7512, -9.8123],
  [42.6526, -9.9456],
  [42.5585, -10.1025],
  [42.4664, -10.2332],
  [42.372, -10.3774],
  [42.2778, -10.5063],
  [42.191, -10.6459],
  [42.0841, -10.7749],
  [41.9925, -10.9034],
  [41.8924, -11.017],
  [41.7957, -11.1361],
  [41.7013, -11.2658],
  [41.6003, -11.396],
  [41.4998, -11.5331],
  [41.4174, -11.6599],
  [41.3251, -11.7616],
  [41.2574, -11.8941],
  [41.1616, -11.9991],
  [41.067, -12.0857],
  [40.9876, -12.2018],
  [40.8963, -12.3149],
  [40.7785, -12.3706],
  [40.6333, -12.4156],
  [40.5055, -12.4702],
  [40.4504, -12.5332],
  [40.3992, -12.6223],
  [40.3636, -12.749],
  [40.3116, -12.8646],
  [40.2708, -12.9673],
  [40.2135, -13.0205],
  [40.1422, -13.0874],
  [40.0749, -13.1385],
  [40.0198, -13.2493],
  [39.9633, -13.3917],
  [39.9196, -13.5202],
  [39.899, -13.6189],
  [39.879, -13.6742],
  [39.8553, -13.7098],
  [39.8245, -13.7424],
  [39.7773, -13.7967],
  [39.733, -13.8324],
  [39.6654, -13.8627],
  [39.6057, -13.8891],
  [39.5579, -13.9205],
  [39.5044, -13.9843],
  [39.4427, -14.0262],
  [39.3829, -14.0487],
  [39.3204, -14.0935],
  [39.2522, -14.1581],
  [39.1537, -14.2016],
  [39.0609, -14.2486],
  [38.9624, -14.3062],
  [38.8871, -14.3573],
  [38.7963, -14.4281],
  [38.7032, -14.4985],
  [38.6165, -14.58],
  [38.509, -14.6622],
  [38.3826, -14.7335],
  [38.2634, -14.8012],
  [38.1574, -14.8824],
  [38.0412, -14.982],
  [38.01, -14.998],
  [37.9022, -15.0638],
  [37.7917, -15.1325],
  [37.6517, -15.1693],
  [37.533, -15.2274],
  [37.4245, -15.2747],
  [37.3039, -15.372],
  [37.2325, -15.4243],
  [37.1398, -15.4875],
  [37.0278, -15.5387],
  [36.9251, -15.6083],
  [36.8459, -15.6813],
  [36.7496, -15.754],
  [36.6553, -15.8262],
  [36.5341, -15.9198],
  [36.4429, -16.0197],
  [36.2915, -16.0798],
  [36.2022, -16.1628],
  [36.1191, -16.247],
  [36.0222, -16.3395],
  [35.9273, -16.417],
  [35.8749, -16.5116],
  [35.8053, -16.6061],
  [35.729, -16.7098],
  [35.6413, -16.787],
  [35.5751, -16.89],
  [35.494, -16.9589],
  [35.4717, -17.0154],
  [35.4481, -17.0295],
  [35.4323, -17.0383],
  [35.4174, -17.0795],
  [35.3871, -17.15],
  [35.3059, -17.2317],
  [35.2222, -17.3173],
  [35.1465, -17.4149],
  [35.0572, -17.4756],
  [34.9726, -17.5807],
  [34.9282, -17.6911],
  [34.8857, -17.7915],
  [34.8328, -17.8701],
  [34.7745, -17.947],
  [34.7243, -18.0143],
  [34.6778, -18.0888],
  [34.6212, -18.1667],
  [34.5642, -18.2511],
  [34.5011, -18.3353],
  [34.4322, -18.4288],
  [34.3827, -18.5374],
  [34.3297, -18.6393],
  [34.2866, -18.7411],
  [34.2578, -18.8482],
  [34.2232, -18.9106],
  [34.1342, -18.8817],
  [34.0398, -18.8527],
  [33.9423, -18.8211],
  [33.85, -18.7834],
  [33.7455, -18.7508],
  [33.6495, -18.767],
  [33.5404, -18.7577],
  [33.4472, -18.7368],
  [33.3503, -18.75],
  [33.2506, -18.7597],
  [33.1578, -18.7551],
  [33.0587, -18.7889],
  [32.9526, -18.7881],
  [32.8537, -18.7887],
  [32.7661, -18.822],
  [32.6562, -18.8528],
  [32.5268, -18.862],
  [32.4373, -18.8512],
  [32.3457, -18.851],
  [32.2441, -18.8472],
  [32.1173, -18.8503],
  [32.0006, -18.8386],
  [31.9182, -18.8266],
  [31.8338, -18.8203],
  [31.7478, -18.8278],
  [31.6628, -18.8615],
  [31.568, -18.9156],
  [31.4752, -18.9621],
  [31.3753, -18.9943],
  [31.2698, -19.027],
  [31.1519, -19.0668],
  [31.0282, -19.1089],
  [30.9073, -19.1644],
  [30.7905, -19.2227],
  [30.6875, -19.333],
  [30.5764, -19.4201],
  [30.4613, -19.4627],
  [30.3446, -19.5233],
  [30.2258, -19.5888],
  [30.1166, -19.6517],
  [29.9965, -19.7321],
  [29.8692, -19.7929],
  [29.7393, -19.8626],
  [29.6065, -19.9403],
  [29.4698, -20.013],
  [29.3286, -20.0999],
  [29.1851, -20.176],
  [29.0312, -20.2497],
  [28.8828, -20.3307],
  [28.7553, -20.4252],
  [28.6132, -20.5042],
  [28.4692, -20.5899],
  [28.3224, -20.6636],
  [28.1912, -20.7315],
  [28.0526, -20.7956],
  [27.9116, -20.8555],
  [27.7737, -20.9059],
  [27.6327, -20.9635],
  [27.4887, -20.9998],
  [27.3686, -21.0457],
  [27.2406, -21.0991],
  [27.1131, -21.1519],
  [26.9926, -21.209],
  [26.8582, -21.2639],
  [26.5675, -21.3264],
  [26.4407, -21.3979],
  [26.3084, -21.4373],
  [26.186, -21.4962],
  [26.0618, -21.564],
  [25.931, -21.6366],
  [25.799, -21.7126],
  [25.6593, -21.7923],
  [25.5161, -21.8836],
  [25.373, -21.9716],
  [25.2333, -22.054],
  [25.093, -22.1389],
  [24.9531, -22.2212],
  [24.8121, -22.2986],
  [24.6697, -22.3809],
  [24.5272, -22.4557],
  [24.3918, -22.5403],
  [24.2603, -22.6225],
  [24.1288, -22.6983],
  [23.9928, -22.7683],
  [23.8523, -22.8437],
  [23.7131, -22.9095],
  [23.5713, -22.9764],
  [23.4265, -23.0414],
  [23.28, -23.1141],
  [23.1316, -23.1771],
  [22.9941, -23.2591],
  [22.859, -23.3409],
  [22.7185, -23.4185],
  [22.5746, -23.4939],
  [22.4303, -23.566],
  [22.2889, -23.6457],
  [22.1453, -23.7301],
  [22.0002, -23.8082],
  [21.8555, -23.886],
  [21.7094, -23.9661],
  [21.5562, -24.0377],
  [21.409, -24.1081],
  [21.2547, -24.1821],
  [21.1013, -24.2558],
  [20.956, -24.329],
  [20.8114, -24.3976],
  [20.6613, -24.4587],
  [20.5081, -24.5208],
  [20.3577, -24.5791],
  [20.2049, -24.6293],
  [20.0481, -24.6756],
  [19.891, -24.7226],
  [19.7376, -24.7708],
  [19.5845, -24.804],
  [19.427, -24.8444],
  [19.272, -24.8802],
  [19.1131, -24.9235],
  [18.9535, -24.968],
  [18.7981, -25.005],
  [18.6406, -25.0396],
  [18.4843, -25.0765],
  [18.3309, -25.1199],
  [18.1781, -25.1661],
  [18.0221, -25.2122],
  [17.8612, -25.253],
  [17.7038, -25.2988],
  [17.5577, -25.3569],
  [17.4101, -25.4124],
  [17.2714, -25.4815],
  [17.2226, -25.6031],
  [17.2279, -25.749],
  [17.228, -25.9033],
  [17.2231, -26.0574],
  [17.1117, -26.1132],
  [16.9576, -26.1489],
  [16.8029, -26.1765],
  [16.6508, -26.1946],
  [16.4981, -26.2084],
  [16.3584, -26.2161],
  [16.2334, -26.2383],
  [16.0986, -26.2753],
  [15.9399, -26.3292],
  [15.784, -26.375],
  [15.6294, -26.4193],
  [15.4762, -26.4572],
  [15.3217, -26.4868],
  [15.1763, -26.5302],
  [15.0228, -26.5714],
  [14.8765, -26.6134],
  [14.7368, -26.6473],
  [14.5992, -26.6814],
  [14.4514, -26.7088],
  [14.2982, -26.7261],
  [14.1544, -26.7317],
  [14.0087, -26.7246],
  [13.8672, -26.6997],
  [13.7313, -26.6785],
  [13.6006, -26.6657],
  [13.5012, -26.7068],
  [13.3902, -26.7496],
  [13.272, -26.787],
  [13.1501, -26.8211],
  [13.0238, -26.8361],
  [12.8932, -26.8557],
  [12.7626, -26.8727],
  [12.6197, -26.8872],
  [12.4718, -26.9051],
  [12.3233, -26.9223],
  [12.1739, -26.9403],
  [12.0189, -26.9561],
  [11.874, -26.9721],
  [11.7341, -26.9875],
  [11.5972, -27.0071],
  [11.4546, -27.017],
  [11.3146, -27.026],
  [11.1752, -27.0371],
  [11.0348, -27.0527],
  [10.9006, -27.0523],
  [10.7592, -27.0542],
  [10.6115, -27.0626],
  [10.4628, -27.0821],
  [10.3147, -27.1046],
  [10.1755, -27.1122],
  [10.0286, -27.1161],
  [9.8915, -27.1218],
  [9.7529, -27.1277],
  [9.6725, -27.173],
  [9.5818, -27.1892],
  [9.4634, -27.1974],
  [9.3416, -27.1979],
  [9.2383, -27.2149],
  [9.1413, -27.2481],
  [9.0426, -27.2812],
  [8.946, -27.315],
  [8.8498, -27.3498],
  [8.7445, -27.3918],
  [8.6333, -27.4246],
  [8.5224, -27.4566],
  [8.4164, -27.4835],
  [8.3087, -27.527],
  [8.1986, -27.5624],
  [8.143, -27.615],
  [8.0284, -27.6504],
  [7.9147, -27.6671],
  [7.815, -27.675],
  [7.7102, -27.6821],
  [7.6213, -27.6861],
  [7.5521, -27.6961],
  [7.4894, -27.7176],
  [7.4136, -27.753],
  [7.3404, -27.7977],
  [7.2754, -27.8436],
  [7.2044, -27.866],
  [7.135, -27.9161],
  [7.084, -27.9751],
  [7.0466, -28.034],
  [6.993, -28.0812],
  [6.9441, -28.1185],
  [6.91, -28.1461],
  [6.8823, -28.1768],
  [6.8641, -28.1895],
  [6.857, -28.1984],
  [6.8015, -28.1999],
  [6.7011, -28.209],
  [6.5987, -28.2148],
  [6.4935, -28.2166],
  [6.3872, -28.2205],
  [6.2761, -28.2234],
  [6.1604, -28.217],
  [6.046, -28.2093],
  [5.9338, -28.2014],
  [5.8307, -28.1765],
  [5.7427, -28.163],
  [5.6403, -28.1578],
  [5.5316, -28.1436],
  [5.429, -28.1233],
  [5.3076, -28.1209],
  [5.2061, -28.1242],
  [5.1199, -28.126],
  [5.0148, -28.1356],
  [4.9169, -28.1569],
  [4.8243, -28.1824],
  [4.729, -28.1982],
  [4.6431, -28.2122],
  [4.5484, -28.2361],
  [4.4598, -28.2609],
  [4.3799, -28.2864],
  [4.3756, -28.2876],
  [4.2991, -28.314],
  [4.2211, -28.3497],
  [4.1468, -28.3895],
  [4.0656, -28.425],
  [3.9767, -28.4563],
  [3.8922, -28.483],
  [3.808, -28.5082],
  [3.7265, -28.5278],
  [3.6435, -28.5322],
  [3.5587, -28.5327],
  [3.4633, -28.5396],
  [3.3673, -28.5569],
  [3.2695, -28.5705],
  [3.183, -28.5825],
  [3.0886, -28.5988],
  [2.9845, -28.6251],
  [2.8698, -28.6607],
  [2.7528, -28.6941],
  [2.6333, -28.7323],
  [2.5204, -28.7714],
  [2.4024, -28.8136],
  [2.2949, -28.8605],
  [2.1782, -28.9034],
  [2.0627, -28.9492],
  [1.9462, -29.0003],
  [1.836, -29.0511],
  [1.7277, -29.1067],
  [1.509, -29.226],
  [1.3918, -29.28],
  [1.2756, -29.3463],
  [1.1624, -29.4053],
  [1.0461, -29.4604],
  [0.93, -29.5278],
  [0.8078, -29.6034],
  [0.694, -29.672],
  [0.5686, -29.7349],
  [0.4268, -29.7913],
  [0.2847, -29.8416],
  [0.1369, -29.8869],
  [-0.0121, -29.9261],
  [-0.1561, -29.9601],
  [-0.3122, -30.0041],
  [-0.4665, -30.0403],
  [-0.6143, -30.0763],
  [-0.7503, -30.1018],
  [-0.9015, -30.1405],
  [-1.0339, -30.1706],
  [-1.1679, -30.199],
  [-1.3043, -30.2241],
  [-1.4438, -30.2551],
  [-1.5691, -30.2658],
  [-1.6917, -30.2749],
  [-1.8301, -30.3],
  [-1.9725, -30.3239],
  [-2.105, -30.3408],
  [-2.2338, -30.3648],
  [-2.3482, -30.3965],
  [-2.4624, -30.43],
  [-2.5853, -30.4793],
  [-2.7174, -30.5518],
  [-2.8616, -30.6155],
  [-3.0013, -30.6811],
  [-3.1373, -30.7203],
  [-3.2835, -30.7504],
  [-3.4267, -30.7897],
  [-3.5661, -30.8175],
  [-3.688, -30.8497],
  [-3.8076, -30.8844],
  [-3.9408, -30.9216],
  [-4.0639, -30.961],
  [-4.1974, -30.9973],
  [-4.3423, -31.0287],
  [-4.4773, -31.0612],
  [-4.6095, -31.0982],
  [-4.7547, -31.1427],
  [-4.8953, -31.1914],
  [-5.027, -31.2311],
  [-5.1683, -31.2788],
  [-5.314, -31.3275],
  [-5.4554, -31.3831],
  [-5.5967, -31.4354],
  [-5.7311, -31.4901],
  [-5.8606, -31.5454],
  [-6.0024, -31.6074],
  [-6.1518, -31.667],
  [-6.2934, -31.7361],
  [-6.4385, -31.8074],
  [-6.58, -31.8768],
  [-6.7198, -31.9462],
  [-6.8642, -32.0015],
  [-6.9979, -32.0524],
  [-7.1315, -32.1104],
  [-7.267, -32.1659],
  [-7.4139, -32.2206],
  [-7.5663, -32.2697],
  [-7.7328, -32.3154],
  [-7.8974, -32.3667],
  [-8.0594, -32.4201],
  [-8.2286, -32.4682],
  [-8.3868, -32.5176],
  [-8.5489, -32.5662],
  [-8.7121, -32.6106],
  [-8.877, -32.6484],
  [-9.046, -32.6773],
  [-9.2035, -32.7039],
  [-9.3518, -32.7299],
  [-9.4819, -32.7583],
  [-9.6122, -32.7882],
  [-9.7446, -32.8072],
  [-9.8719, -32.8325],
  [-9.9906, -32.8535],
  [-10.1093, -32.863],
  [-10.2305, -32.8655],
  [-10.3656, -32.8825],
  [-10.4986, -32.8914],
  [-10.6364, -32.9059],
  [-10.7905, -32.9192],
  [-10.9522, -32.9287],
  [-11.1214, -32.9346],
  [-11.2965, -32.9423],
  [-11.4836, -32.9395],
  [-11.6565, -32.9363],
  [-11.8288, -32.9362],
  [-11.9948, -32.9319],
  [-12.1495, -32.9216],
  [-12.3126, -32.9137],
  [-12.4735, -32.9099],
  [-12.635, -32.9078],
  [-12.7824, -32.9063],
  [-12.9176, -32.9044],
  [-13.0599, -32.8941],
  [-13.2121, -32.8817],
  [-13.3724, -32.8686],
  [-13.5456, -32.8487],
  [-13.7243, -32.834],
  [-13.8832, -32.821],
  [-14.0362, -32.7935],
  [-14.193, -32.7551],
  [-14.346, -32.7172],
  [-14.4856, -32.6796],
  [-14.6281, -32.6349],
  [-14.7762, -32.5798],
  [-14.9297, -32.5234],
  [-15.0821, -32.4552],
  [-15.2275, -32.382],
  [-15.3638, -32.3041],
  [-15.4938, -32.2305],
  [-15.6165, -32.1601],
  [-15.7247, -32.0928],
  [-15.8261, -32.061],
  [-15.9587, -31.9907],
  [-16.1131, -31.9375],
  [-16.2652, -31.8983],
  [-16.4221, -31.854],
  [-16.5715, -31.8073],
  [-16.7075, -31.7685],
  [-16.8274, -31.7196],
  [-16.9649, -31.6588],
  [-17.0855, -31.5884],
  [-17.1927, -31.5129],
  [-17.3167, -31.436],
  [-17.4783, -31.3767],
  [-17.6484, -31.3389],
  [-17.7998, -31.2909],
  [-17.9493, -31.2326],
  [-18.1021, -31.1762],
  [-18.2726, -31.12],
  [-18.446, -31.055],
  [-18.6064, -30.9848],
  [-18.7535, -30.9096],
  [-18.9077, -30.8315],
  [-19.0469, -30.7439],
  [-19.1834, -30.6544],
  [-19.3197, -30.5614],
  [-19.4494, -30.4725],
  [-19.5905, -30.3953],
  [-19.7285, -30.3057],
  [-19.8514, -30.2121],
  [-19.9764, -30.1178],
  [-20.1174, -30.032],
  [-20.2654, -29.946],
  [-20.4347, -29.8829],
  [-20.6018, -29.8113],
  [-20.7404, -29.712],
  [-20.8821, -29.6303],
  [-21.0347, -29.5394],
  [-21.1815, -29.4433],
  [-21.3197, -29.3444],
  [-21.4538, -29.2423],
  [-21.5861, -29.132],
  [-21.717, -29.0226],
  [-21.8523, -28.9205],
  [-22.0056, -28.8226],
  [-22.1611, -28.7271],
  [-22.3262, -28.6364],
  [-22.481, -28.5442],
  [-22.6441, -28.4444],
  [-22.8096, -28.3436],
  [-22.9612, -28.2521],
  [-23.1097, -28.1497],
  [-23.2518, -28.0473],
  [-23.3877, -27.9383],
  [-23.5289, -27.8189],
  [-23.6701, -27.7004],
  [-23.8176, -27.6002],
  [-23.9711, -27.5005],
  [-24.105, -27.4123],
  [-24.2484, -27.2949],
  [-24.3873, -27.1775],
  [-24.5175, -27.0521],
  [-24.6446, -26.9164],
  [-24.7664, -26.7741],
  [-24.8957, -26.6353],
  [-25.0258, -26.5039],
  [-25.1508, -26.3714],
  [-25.269, -26.2281],
  [-25.3823, -26.084],
  [-25.4894, -25.9339],
  [-25.5984, -25.7741],
  [-25.7019, -25.617],
  [-25.7981, -25.4621],
  [-25.898, -25.3378],
  [-26.005, -25.1851],
  [-26.1113, -25.029],
  [-26.2157, -24.8694],
  [-26.322, -24.7185],
  [-26.4382, -24.5683],
  [-26.5562, -24.4283],
  [-26.6565, -24.2784],
  [-26.7562, -24.1349],
  [-26.8827, -24.0002],
  [-27.022, -23.888],
  [-27.1584, -23.7679],
  [-27.2948, -23.6478],
  [-27.4341, -23.5294],
  [-27.5694, -23.4136],
  [-27.7115, -23.3044],
  [-27.8581, -23.191],
  [-28.0049, -23.0771],
  [-28.147, -22.9854],
  [-28.287, -22.8753],
  [-28.4289, -22.764],
  [-28.5668, -22.6599],
  [-28.7037, -22.5421],
  [-28.8429, -22.4169],
  [-28.9877, -22.2866],
  [-29.1286, -22.1568],
  [-29.2659, -22.031],
  [-29.3946, -21.8993],
  [-29.5177, -21.7603],
  [-29.6341, -21.6142],
  [-29.7525, -21.4663],
  [-29.8729, -21.3277],
  [-29.9993, -21.1874],
  [-30.1276, -21.0426],
  [-30.2546, -20.9229],
  [-30.3649, -20.8149],
  [-30.4841, -20.6654],
  [-30.6011, -20.5169],
  [-30.7142, -20.3687],
  [-30.8119, -20.2218],
  [-30.9061, -20.0727],
  [-30.9972, -19.9256],
  [-31.0942, -19.7583],
  [-31.194, -19.5978],
  [-31.2952, -19.43],
  [-31.4019, -19.2665],
  [-31.5075, -19.0971],
  [-31.6034, -18.9323],
  [-31.7032, -18.7621],
  [-31.8036, -18.5949],
  [-31.9031, -18.4245],
  [-32.0007, -18.2694],
  [-32.0066, -18.2602],
  [-32.1068, -18.0966],
  [-32.2091, -17.9348],
  [-32.3075, -17.7618],
  [-32.4012, -17.5815],
  [-32.4876, -17.4016],
  [-32.5766, -17.2241],
  [-32.664, -17.0439],
  [-32.744, -16.8631],
  [-32.8124, -16.6838],
  [-32.887, -16.4962],
  [-32.9514, -16.3125],
  [-32.9723, -16.1361],
  [-32.9932, -15.9885],
  [-33.0314, -15.8165],
  [-33.0748, -15.6339],
  [-33.1278, -15.4728],
  [-33.1818, -15.2912],
  [-33.2717, -15.1243],
  [-33.362, -14.9531],
  [-33.4466, -14.7845],
  [-33.544, -14.6093],
  [-33.6372, -14.4323],
  [-33.7244, -14.2577],
  [-33.8007, -14.1082],
  [-33.8032, -14.1032],
  [-33.8881, -13.9427],
  [-33.9758, -13.7846],
  [-34.0538, -13.6057],
  [-34.1321, -13.4262],
  [-34.2076, -13.2407],
  [-34.2903, -13.0479],
  [-34.3798, -12.8607],
  [-34.4749, -12.6727],
  [-34.5729, -12.4996],
  [-34.6694, -12.323],
  [-34.7619, -12.1631],
  [-34.8564, -11.9872],
  [-34.9522, -11.8082],
  [-35.0241, -11.6175],
  [-35.1078, -11.4403],
  [-35.2042, -11.2676],
  [-35.2984, -11.0991],
  [-35.396, -10.9463],
  [-35.4735, -10.7702],
  [-35.5492, -10.5847],
  [-35.6219, -10.3965],
  [-35.6949, -10.2049],
  [-35.7695, -10.0143],
  [-35.8448, -9.8311],
  [-35.9158, -9.6505],
  [-35.9888, -9.4647],
  [-36.0622, -9.2726],
  [-36.1258, -9.0762],
  [-36.1823, -8.8721],
  [-36.2288, -8.6686],
  [-36.2736, -8.4696],
  [-36.3014, -8.2743],
  [-36.3451, -8.1017],
  [-36.3797, -7.9081],
  [-36.426, -7.7105],
  [-36.478, -7.5054],
  [-36.5341, -7.3192],
  [-36.5363, -7.3123],
  [-36.5879, -7.1145],
  [-36.6172, -6.9168],
  [-36.6183, -6.911],
  [-36.6683, -6.7292],
  [-36.7003, -6.5341],
  [-36.7335, -6.3437],
  [-36.7757, -6.168],
  [-36.8212, -5.9831],
  [-36.8621, -5.7879],
  [-36.9128, -5.5883],
  [-36.9618, -5.3824],
  [-37.0256, -5.1657],
  [-37.0935, -4.9577],
  [-37.1547, -4.7408],
  [-37.2083, -4.5241],
  [-37.2549, -4.3112],
  [-37.304, -4.0992],
  [-37.3617, -3.8853],
  [-37.4222, -3.6715],
  [-37.4893, -3.4541],
  [-37.5585, -3.2409],
  [-37.6323, -3.0254],
  [-37.7088, -2.8102],
  [-37.7758, -2.5951],
  [-37.849, -2.3844],
  [-37.9229, -2.1693],
  [-37.9977, -1.9529],
  [-38.076, -1.7493],
  [-38.148, -1.5394],
  [-38.2166, -1.322],
  [-38.2836, -1.1067],
  [-38.3387, -0.89],
  [-38.3898, -0.6737],
  [-38.4527, -0.4984],
  [-38.5007, -0.3237],
  [-38.5575, -0.1463],
  [-38.611, 0.0664],
  [-38.6619, 0.2621],
  [-38.7248, 0.4781],
  [-38.79732, 0.68286],
  [-38.85533, 0.84667],
  [-38.8695, 0.8817],
  [-38.9542, 1.0821],
  [-39.0323, 1.2571],
  [-39.0811, 1.49],
  [-39.1269, 1.7146],
  [-39.1894, 1.9164],
  [-39.2563, 2.1417],
  [-39.3109, 2.3699],
  [-39.3564, 2.5859],
  [-39.4012, 2.8084],
  [-39.4364, 3.0273],
  [-39.4665, 3.2474],
  [-39.4925, 3.4707],
  [-39.5169, 3.7009],
  [-39.5477, 3.9351],
  [-39.5794, 4.1689],
  [-39.6008, 4.4001],
  [-39.6151, 4.6225],
  [-39.6292, 4.8242],
  [-39.6514, 5.2825],
  [-39.6556, 5.5101],
  [-39.6771, 5.707],
  [-39.7102, 5.9216],
  [-39.7228, 6.15],
  [-39.7236, 6.3584],
  [-39.7491, 6.5419],
  [-39.7755, 6.7334],
  [-39.7964, 6.9441],
  [-39.8109, 7.1406],
  [-39.8325, 7.3247],
  [-39.8618, 7.509],
  [-39.8983, 7.6842],
  [-39.9544, 7.8418],
  [-40.039, 8.0215],
  [-40.12, 8.2194],
  [-40.1884, 8.4187],
  [-40.2468, 8.6238],
  [-40.2936, 8.8307],
  [-40.332, 9.0331],
  [-40.3703, 9.2298],
  [-40.4055, 9.4243],
  [-40.4409, 9.6324],
  [-40.4756, 9.8493],
  [-40.4987, 10.0474],
  [-40.5148, 10.2425],
  [-40.5392, 10.4356],
  [-40.5632, 10.6407],
  [-40.5932, 10.8599],
  [-40.6315, 11.0801],
  [-40.6634, 11.3089],
  [-40.6814, 11.5369],
  [-40.6849, 11.7607],
  [-40.6781, 11.9792],
  [-40.6552, 12.2017],
  [-40.6254, 12.4219],
  [-40.6027, 12.6258],
  [-40.58, 12.8248],
  [-40.5654, 13.0243],
  [-40.541, 13.2244],
  [-40.518, 13.413],
  [-40.504, 13.5892],
  [-40.4876, 13.765],
  [-40.4824, 13.944],
  [-40.4714, 14.1153],
  [-40.4643, 14.2678],
  [-40.4683, 14.4364],
  [-40.4736, 14.6177],
  [-40.4847, 14.8113],
  [-40.4949, 15.0137],
  [-40.5073, 15.2276],
  [-40.5117, 15.4474],
  [-40.5131, 15.6672],
  [-40.5147, 15.8794],
  [-40.5125, 16.0964],
  [-40.4999, 16.3117],
  [-40.4938, 16.5227],
  [-40.4847, 16.736],
  [-40.4724, 16.951],
  [-40.4613, 17.167],
  [-40.4497, 17.4011],
  [-40.4083, 17.6335],
  [-40.3887, 18.1209],
  [-40.2964, 18.2731],
  [-40.2667, 18.4831],
  [-40.2482, 18.704],
  [-40.2319, 18.9258],
  [-40.2276, 19.1333],
  [-40.2466, 19.3444],
  [-40.3029, 19.5197],
  [-40.3556, 19.7138],
  [-40.3936, 19.9185],
  [-40.4149, 20.1357],
  [-40.4527, 20.3511],
  [-40.4793, 20.5757],
  [-40.5146, 20.7794],
  [-40.5525, 20.9664],
  [-40.594, 21.1508],
  [-40.6536, 21.3241],
  [-40.7117, 21.5131],
  [-40.7573, 21.7032],
  [-40.8075, 21.8887],
  [-40.8579, 22.0573],
  [-40.9026, 22.2423],
  [-40.9444, 22.4273],
  [-40.9848, 22.6114],
  [-41.039, 22.7945],
  [-41.0928, 22.9757],
  [-41.1409, 23.1631],
  [-41.1774, 23.3473],
  [-41.1999, 23.5479],
  [-41.2449, 23.7371],
  [-41.2868, 23.8744],
  [-41.3327, 24.0515],
  [-41.3704, 24.4214],
  [-41.3377, 24.6099],
  [-41.2994, 24.8034],
  [-41.2723, 25.0054],
  [-41.2537, 25.2274],
  [-41.2273, 25.4396],
  [-41.196, 25.6414],
  [-41.1714, 25.846],
  [-41.1406, 26.042],
  [-41.1278, 26.2319],
  [-41.1323, 26.4261],
  [-41.1436, 26.6379],
  [-41.1513, 26.8558],
  [-41.1597, 27.0614],
  [-41.1648, 27.2617],
  [-41.152, 27.4637],
  [-41.1189, 27.6175],
  [-41.1186, 27.8012],
  [-41.1505, 28.0216],
  [-41.181, 28.2406],
  [-41.2146, 28.4621],
  [-41.2578, 28.6806],
  [-41.2977, 28.8962],
  [-41.3407, 29.1253],
  [-41.3865, 29.3499],
  [-41.4208, 29.5597],
  [-41.4566, 29.7535],
  [-41.4975, 29.9572],
  [-41.5474, 30.1749],
  [-41.6058, 30.3928],
  [-41.6728, 30.6025],
  [-41.7027, 30.7751],
  [-41.7455, 30.9432],
  [-41.751, 31.0994],
  [-41.7899, 31.3011],
  [-41.8393, 31.4937],
  [-41.88, 31.6808],
  [-41.9201, 31.8832],
  [-41.9787, 32.0846],
  [-42.0309, 32.2872],
  [-42.0988, 32.4806],
  [-42.1592, 32.6808],
  [-42.2031, 32.8529],
  [-42.2366, 32.9908],
  [-42.2715, 33.1236],
  [-42.315, 33.2603],
  [-42.3621, 33.3805],
  [-42.4184, 33.4934],
  [-42.4711, 33.5911],
  [-42.5033, 33.674],
  [-42.4497, 33.7223],
  [-42.3916, 33.7976],
  [-42.3188, 33.8771],
  [-42.2502, 33.9653],
  [-42.1784, 34.0636],
  [-42.1095, 34.1651],
  [-42.0325, 34.2608],
  [-41.9483, 34.3759],
  [-41.9963, 34.5117],
  [-42.0626, 34.6485],
  [-42.1285, 34.7722],
  [-42.1891, 34.874],
  [-42.2379, 34.9447],
  [-42.2619, 34.9737],
  [-42.2613, 35.025],
  [-42.252, 35.1098],
  [-42.2534, 35.1926],
  [-42.2607, 35.2865],
  [-42.2709, 35.3912],
  [-42.2955, 35.4952],
  [-42.308, 35.6063],
  [-42.3272, 35.7327],
  [-42.3394, 35.8536],
  [-42.3451, 35.9691],
  [-42.3584, 36.0904],
  [-42.3872, 36.2181],
  [-42.4009, 36.3579],
  [-42.4068, 36.5083],
  [-42.4089, 36.638],
  [-42.4443, 36.7539],
  [-42.4884, 36.8774],
  [-42.4995, 37.0002],
  [-42.5316, 37.152],
  [-42.5446, 37.3027],
  [-42.5591, 37.4561],
  [-42.557, 37.5963],
  [-42.5532, 37.7118],
  [-42.5435, 37.8136],
  [-42.5628, 37.9253],
  [-42.6015, 38.0397],
  [-42.648, 38.1779],
  [-42.6971, 38.3151],
  [-42.7546, 38.4064],
  [-42.8176, 38.5917],
  [-42.8773, 38.7596],
  [-42.9527, 38.9322],
  [-43.0234, 39.127],
  [-43.0822, 39.328],
  [-43.1294, 39.5301],
  [-43.1743, 39.7458],
  [-43.2381, 39.9735],
  [-43.2988, 40.1991],
  [-43.362, 40.4158],
  [-43.4191, 40.6388],
  [-43.4773, 40.8732],
  [-43.5242, 41.083],
  [-43.5263, 41.0926],
  [-43.5728, 41.3269],
  [-43.6135, 41.5523],
  [-43.6453, 41.7586],
  [-43.6709, 41.9552],
  [-43.7077, 42.1539],
  [-43.7514, 42.3647],
  [-43.7966, 42.5914],
  [-43.8377, 42.8182],
  [-43.8753, 43.0485],
  [-43.9105, 43.2764],
  [-43.9496, 43.5031],
  [-43.9779, 43.7358],
  [-44.0017, 43.9681],
  [-44.0246, 44.2014],
  [-44.0423, 44.4341],
  [-44.0571, 44.6548],
  [-44.0755, 44.8805],
  [-44.0797, 45.1132],
  [-44.074, 45.3428],
  [-44.0637, 45.5694],
  [-44.0535, 45.7947],
  [-44.0687, 46.0377],
  [-44.0903, 46.2834],
  [-44.1093, 46.526],
  [-44.1377, 46.7754],
  [-44.1641, 47.01],
  [-44.1661, 47.0217],
  [-44.2001, 47.2636],
  [-44.2319, 47.5156],
  [-44.2577, 47.7651],
  [-44.2757, 48.016],
  [-44.2947, 48.2585],
  [-44.3098, 48.5083],
  [-44.3182, 48.7521],
  [-44.3259, 48.9806],
  [-44.3328, 49.2125],
  [-44.3414, 49.4378],
  [-44.3579, 49.6602],
  [-44.3668, 49.8757],
  [-44.4144, 50.016],
  [-44.4713, 50.1975],
  [-44.5219, 50.3933],
  [-44.5653, 50.5928],
  [-44.6044, 50.7962],
  [-44.6617, 51.0048],
  [-44.7133, 51.1957],
  [-44.7486, 51.3969],
  [-44.7849, 51.5983],
  [-44.8204, 51.791],
  [-44.8672, 51.9941],
  [-44.9083, 52.1991],
  [-44.941, 52.4009],
  [-44.9752, 52.5993],
  [-45.0085, 52.7931],
  [-45.0538, 52.9907],
  [-45.1046, 53.1843],
  [-45.1466, 53.3773],
  [-45.1747, 53.5869],
  [-45.2061, 53.7983],
  [-45.2406, 54.0039],
  [-45.2768, 54.2132],
  [-45.3258, 54.4214],
  [-45.3752, 54.6211],
  [-45.4185, 54.833],
  [-45.4627, 55.0659],
  [-45.5066, 55.2915],
  [-45.5544, 55.5094],
  [-45.5962, 55.7399],
  [-45.6367, 55.9719],
  [-45.6783, 56.2049],
  [-45.7135, 56.438],
  [-45.7376, 56.6748],
  [-45.7492, 56.9035],
  [-45.76, 57.1166],
  [-45.7746, 57.3094],
  [-45.7948, 57.5017],
  [-45.8173, 57.7101],
  [-45.8343, 57.9261],
  [-45.855, 58.1389],
  [-45.8849, 58.3289],
  [-45.9119, 58.5266],
  [-45.9383, 58.7355],
  [-45.9619, 58.9608],
  [-45.9754, 59.1862],
  [-45.9914, 59.3978],
  [-46.024, 59.6142],
  [-46.0581, 59.8295],
  [-46.0932, 60.056],
  [-46.1371, 60.2752],
  [-46.1843, 60.4912],
  [-46.226, 60.6978],
  [-46.2856, 60.9242],
  [-46.352, 61.1499],
  [-46.4131, 61.3907],
  [-46.4634, 61.6276],
  [-46.5217, 61.8606],
  [-46.5809, 62.1036],
  [-46.6291, 62.3421],
  [-46.6716, 62.5779],
  [-46.7126, 62.7892],
  [-46.7582, 62.993],
  [-46.8161, 63.1973],
  [-46.8797, 63.3937],
  [-46.9481, 63.6176],
  [-47.0169, 63.7804],
  [-47.0671, 63.9485],
  [-47.1162, 64.1964],
  [-47.1706, 64.4536],
  [-47.2357, 64.7045],
  [-47.3128, 64.9603],
  [-47.3765, 65.1624],
  [-47.4255, 65.422],
  [-47.4735, 65.6735],
  [-47.517, 65.9253],
  [-47.5656, 66.1751],
  [-47.616, 66.4369],
  [-47.6631, 66.6861],
  [-47.7044, 66.925],
  [-47.7502, 67.1614],
  [-47.786, 67.4014],
  [-47.8176, 67.6477],
  [-47.8416, 67.8998],
  [-47.8625, 68.1456],
  [-47.8671, 68.2023],
  [-47.87, 68.2455],
  [-47.8736, 68.2969],
  [-47.8775, 68.3473],
  [-47.8805, 68.3948],
  [-47.8841, 68.4437],
  [-47.8874, 68.4956],
  [-47.891, 68.5465],
  [-47.8941, 68.5975],
  [-47.8977, 68.649],
  [-47.9023, 68.7005],
  [-47.9064, 68.7508],
  [-47.9116, 68.7941],
  [-47.9219, 68.8212],
  [-47.9299, 68.8734],
  [-47.9371, 68.924],
  [-47.9456, 68.9784],
  [-47.9544, 69.0298],
  [-47.9647, 69.0811],
  [-47.9754, 69.1287],
  [-47.9843, 69.1786],
  [-47.9934, 69.2295],
  [-48.0032, 69.2793],
  [-48.0126, 69.3308],
  [-48.02202, 69.38208],
  [-48.033, 69.4419],
  [-48.0413, 69.4849],
  [-48.0429, 69.4941],
  [-48.051, 69.5386],
  [-48.0606, 69.5911],
  [-48.0715, 69.6411],
  [-48.0827, 69.693],
  [-48.093, 69.7437],
  [-48.1029, 69.7965],
  [-48.1134, 69.8515],
  [-48.1229, 69.9038],
  [-48.1316, 69.9532],
  [-48.1402, 70.0068],
  [-48.1483, 70.0582],
  [-48.1573, 70.114],
  [-48.1655, 70.1689],
  [-48.1732, 70.2234],
  [-48.1813, 70.279],
  [-48.1899, 70.3351],
  [-48.1985, 70.3895],
  [-48.207, 70.4445],
  [-48.2153, 70.4984],
  [-48.2228, 70.5531],
  [-48.2295, 70.6056],
  [-48.2374, 70.6576],
  [-48.2449, 70.709],
  [-48.2534, 70.7593],
  [-48.2625, 70.8095],
  [-48.2715, 70.8594],
  [-48.2805, 70.9097],
  [-48.2898, 70.96],
  [-48.299, 71.0097],
  [-48.3084, 71.0596],
  [-48.3179, 71.1099],
  [-48.3269, 71.1604],
  [-48.3356, 71.2113],
  [-48.3436, 71.2627],
  [-48.3521, 71.3141],
  [-48.3601, 71.367],
  [-48.3683, 71.4171],
  [-48.3766, 71.4694],
  [-48.3848, 71.5179],
  [-48.3933, 71.5675],
  [-48.4014, 71.6148],
  [-48.4106, 71.6627],
  [-48.4202, 71.7123],
  [-48.4297, 71.7647],
  [-48.4397, 71.8186],
  [-48.4502, 71.867],
  [-48.4608, 71.9153],
  [-48.4711, 71.9638],
  [-48.4803, 72.0117],
  [-48.4889, 72.0597],
  [-48.4984, 72.111],
  [-48.5068, 72.1608],
  [-48.51491, 72.21155],
  [-48.5487, 72.423],
  [-48.5553, 72.4631],
  [-48.5989, 72.7175],
  [-48.6335, 72.9818],
  [-48.6618, 73.238],
  [-48.6856, 73.4923],
  [-48.7031, 73.7402],
  [-48.7184, 74.0035],
  [-48.7338, 74.2603],
  [-48.7385, 74.5168],
  [-48.7361, 74.7707],
  [-48.7238, 75.0355],
  [-48.712, 75.293],
  [-48.6969, 75.5575],
  [-48.6768, 75.8079],
  [-48.6593, 76.0375],
  [-48.6374, 76.2911],
  [-48.6398, 76.4904],
  [-48.6378, 76.7361],
  [-48.6382, 76.9967],
  [-48.6413, 77.2394],
  [-48.6466, 77.4684],
  [-48.6428, 77.7006],
  [-48.6326, 77.923],
  [-48.6234, 78.1207],
  [-48.61, 78.3068],
  [-48.5813, 78.5309],
  [-48.5327, 78.7402],
  [-48.472, 78.9205],
  [-48.4145, 79.1],
  [-48.3635, 79.27],
  [-48.3094, 79.4363],
  [-48.2542, 79.5967],
  [-48.1917, 79.7465],
  [-48.1263, 79.8909],
  [-48.0559, 80.0364],
  [-47.9819, 80.18],
  [-47.9023, 80.3131],
  [-47.8281, 80.4385],
  [-47.7474, 80.5852],
  [-47.6664, 80.7111],
  [-47.6139, 80.83],
  [-47.6948, 80.9274],
  [-47.7608, 81.0448],
  [-47.8934, 81.2517],
  [-47.9545, 81.3689],
  [-48.0129, 81.4956],
  [-48.0811, 81.6193],
  [-48.1446, 81.7477],
  [-48.1759, 81.8945],
  [-48.1862, 82.0564],
  [-48.1785, 82.2273],
  [-48.168, 82.31467],
  [-48.1614, 82.4007],
  [-48.1699, 82.5976],
  [-48.1874, 82.7847],
  [-48.2057, 82.9828],
  [-48.1972, 83.1798],
  [-48.1862, 83.3722],
  [-48.1729, 83.562],
  [-48.1662, 83.7488],
  [-48.16, 83.9264],
  [-48.1513, 84.1077],
  [-48.155, 84.2736],
  [-48.1719, 84.4633],
  [-48.1842, 84.663],
  [-48.2011, 84.8641],
  [-48.2118, 85.0645],
  [-48.2373, 85.2673],
  [-48.2796, 85.4679],
  [-48.3118, 85.6493],
  [-48.3398, 85.8222],
  [-48.4345, 86.183],
  [-48.4928, 86.3536],
  [-48.5363, 86.5349],
  [-48.5667, 86.7354],
  [-48.6, 86.9447],
  [-48.6227, 87.1798],
  [-48.6504, 87.3817],
  [-48.6717, 87.5962],
  [-48.6977, 87.787],
  [-48.6632, 87.9641],
  [-48.6475, 88.1265],
  [-48.6419, 88.3152],
  [-48.6534, 88.5098],
  [-48.6761, 88.696],
  [-48.7045, 88.8763],
  [-48.7326, 89.0652],
  [-48.7865, 89.2468],
  [-48.8402, 89.4411],
  [-48.8939, 89.6407],
  [-48.942, 89.9795],
  [-48.8351, 90.0806],
  [-48.7224, 90.1592],
  [-48.6057, 90.2328],
  [-48.6276, 90.4115],
  [-48.6583, 90.5874],
  [-48.7044, 90.7518],
  [-48.7449, 90.9158],
  [-48.7513, 91.0501],
  [-48.6466, 91.1373],
  [-48.5402, 91.2412],
  [-48.5598, 91.4081],
  [-48.6165, 91.5778],
  [-48.6024, 91.7134],
  [-48.5063, 91.8274],
  [-48.4133, 91.9408],
  [-48.4159, 92.0825],
  [-48.481, 92.2583],
  [-48.4303, 92.3844],
  [-48.3486, 92.5289],
  [-48.2567, 92.6718],
  [-48.1678, 92.8193],
  [-48.0765, 92.9584],
  [-47.9835, 93.1012],
  [-47.8855, 93.2456],
  [-47.7947, 93.3508],
  [-47.7075, 93.4529],
  [-47.6397, 93.5623],
  [-47.5626, 93.7283],
  [-47.4852, 93.8838],
  [-47.408, 94.0054],
  [-47.3391, 94.0921],
  [-47.2871, 94.2121],
  [-47.2016, 94.3645],
  [-47.126, 94.532],
  [-47.0621, 94.6932],
  [-46.9995, 94.8746],
  [-46.9319, 95.054],
  [-46.8848, 95.2174],
  [-46.841, 95.3826],
  [-46.8029, 95.5389],
  [-46.7535, 95.7],
  [-46.6909, 95.8829],
  [-46.6364, 96.073],
  [-46.5924, 96.2667],
  [-46.5478, 96.4268],
  [-46.4912, 96.6506],
  [-46.4274, 96.8635],
  [-46.359, 97.0863],
  [-46.294, 97.3071],
  [-46.2372, 97.5154],
  [-46.1848, 97.7331],
  [-46.1362, 97.9443],
  [-46.0888, 98.1609],
  [-46.0425, 98.3629],
  [-45.9922, 98.5591],
  [-45.9398, 98.7556],
  [-45.8878, 98.9586],
  [-45.8357, 99.1513],
  [-45.7811, 99.3496],
  [-45.7115, 99.5753],
  [-45.6309, 99.7912],
  [-45.5351, 99.994],
  [-45.4213, 100.1921],
  [-45.3016, 100.3718],
  [-45.1713, 100.5375],
  [-45.075, 100.6781],
  [-45.0041, 100.7873],
  [-44.901, 100.9094],
  [-44.7607, 101.028],
  [-44.6152, 101.1367],
  [-44.4752, 101.2561],
  [-44.3348, 101.3625],
  [-44.1885, 101.4678],
  [-44.0449, 101.5706],
  [-43.8983, 101.6784],
  [-43.7491, 101.7754],
  [-43.6229, 101.8734],
  [-43.5862, 102.0285],
  [-43.5908, 102.2411],
  [-43.6082, 102.4461],
  [-43.629, 102.6568],
  [-43.6462, 102.8663],
  [-43.661, 103.0701],
  [-43.6785, 103.2646],
  [-43.6879, 103.468],
  [-43.7094, 103.6521],
  [-43.7159, 103.8382],
  [-43.7157, 103.8439],
  [-43.7287, 104.0479],
  [-43.7256, 104.2513],
  [-43.7127, 104.4529],
  [-43.718, 104.6633],
  [-43.7154, 104.878],
  [-43.7131, 105.104],
  [-43.7125, 105.326],
  [-43.7182, 105.5512],
  [-43.7379, 105.7697],
  [-43.7588, 105.9663],
  [-43.7822, 106.1406],
  [-43.8007, 106.3025],
  [-43.8049, 106.4745],
  [-43.8044, 106.4789],
  [-43.7973, 106.6635],
  [-43.7771, 106.8705],
  [-43.7537, 107.0926],
  [-43.7215, 107.2709],
  [-43.7108, 107.3782],
  [-43.714, 107.5472],
  [-43.721, 107.7512],
  [-43.7228, 107.9636],
  [-43.7338, 108.1643],
  [-43.7401, 108.3906],
  [-43.7366, 108.6065],
  [-43.7427, 108.8339],
  [-43.742, 109.0718],
  [-43.7394, 109.2856],
  [-43.7371, 109.4908],
  [-43.7571, 109.7076],
  [-43.7776, 109.9491],
  [-43.8013, 110.1774],
  [-43.837, 110.4055],
  [-43.8556, 110.6059],
  [-43.8942, 110.8151],
  [-43.9274, 111.034],
  [-43.9605, 111.2779],
  [-44.0008, 111.5221],
  [-44.0586, 111.746],
  [-44.1195, 111.975],
  [-44.1801, 112.1842],
  [-44.2445, 112.3903],
  [-44.2962, 112.5809],
  [-44.3471, 112.7421],
  [-44.4067, 112.911],
  [-44.4705, 113.0819],
  [-44.5556, 113.2496],
  [-44.6539, 113.4263],
  [-44.7313, 113.5827],
  [-44.7764, 113.7101],
  [-44.8359, 113.8531],
  [-44.9097, 113.9868],
  [-44.9938, 114.119],
  [-45.0874, 114.2493],
  [-45.1829, 114.3703],
  [-45.2786, 114.4839],
  [-45.3843, 114.5881],
  [-45.4544, 114.6893],
  [-45.4327, 114.8673],
  [-45.4131, 115.0477],
  [-45.404, 115.2364],
  [-45.3804, 115.4132],
  [-45.3993, 115.6012],
  [-45.425, 115.7992],
  [-45.4351, 116.0225],
  [-45.4515, 116.2485],
  [-45.4693, 116.4731],
  [-45.4887, 116.5937],
  [-45.4691, 116.7918],
  [-45.4298, 117.0135],
  [-45.3931, 117.2402],
  [-45.3344, 117.4447],
  [-45.2503, 117.6327],
  [-45.1926, 117.8382],
  [-45.1405, 118.0521],
  [-45.0841, 118.2804],
  [-45.0458, 118.5088],
  [-45.0009, 118.7295],
  [-44.989, 118.964],
  [-44.9613, 119.1895],
  [-44.9371, 119.4125],
  [-44.9208, 119.6323],
  [-44.9176, 119.8533],
  [-44.9198, 120.0869],
  [-44.9266, 120.3177],
  [-44.9372, 120.555],
  [-44.9588, 120.7685],
  [-44.9779, 120.998],
  [-45.0054, 121.2285],
  [-45.0275, 121.4591],
  [-45.0503, 121.6875],
  [-45.0803, 121.9252],
  [-45.1124, 122.1586],
  [-45.1496, 122.3973],
  [-45.1912, 122.632],
  [-45.2394, 122.8358],
  [-45.254, 123.081],
  [-45.2598, 123.3227],
  [-45.2648, 123.5711],
  [-45.2515, 123.8222],
  [-45.2298, 124.0487],
  [-45.2082, 124.276],
  [-45.1679, 124.4886],
  [-45.13, 124.6926],
  [-45.0873, 124.8933],
  [-45.0339, 125.0887],
  [-45.0301, 125.0999],
  [-44.9706, 125.3058],
  [-44.9288, 125.5231],
  [-44.8832, 125.743],
  [-44.8359, 125.9452],
  [-44.7972, 126.1514],
  [-44.7849, 126.3414],
  [-44.7918, 126.5188],
  [-44.8881, 126.5565],
  [-45.016, 126.5922],
  [-45.1458, 126.6266],
  [-45.2777, 126.6718],
  [-45.4139, 126.7102],
  [-45.553, 126.7354],
  [-45.6834, 126.7723],
  [-45.8136, 126.8259],
  [-45.9503, 126.8764],
  [-46.0813, 126.9193],
  [-46.2101, 126.9772],
  [-46.3405, 127.0381],
  [-46.4796, 127.0946],
  [-46.6199, 127.1712],
  [-46.7569, 127.2627],
  [-46.8797, 127.3714],
  [-46.8865, 127.3769],
  [-47.0126, 127.5194],
  [-47.1395, 127.6532],
  [-47.2642, 127.7879],
  [-47.3759, 127.926],
  ]

function test() {
    var i = 0;
    setInterval(function () {
      params = params = {
        lat: trace[i][0],
        lng: trace[i][1],
        alt: Math.floor(Math.random() * (50000 - 1 + 1) + 1),
        airspeed: Math.floor(Math.random() * 6) + 1,
        heading: Math.floor(Math.random() * 6) + 1,
        vspeed: Math.floor(Math.random() * 6) + 1,
        windir: Math.floor(Math.random() * 6) + 1,
        windvel: Math.floor(Math.random() * 6) + 1,
        pressure: Math.floor(Math.random() * 6) + 1,
        temperature: Math.floor(Math.random() * 6) + 1,
        tat: Math.floor(Math.random() * 6) + 1,
      }

      var point = { lat: params.lat, lng: params.lng }
      airplane.setLatLng(point)
      airplane.setRotationAngle(params.heading)

      statusControl.set({
        altitude: params.alt,
        vspeed: params.vspeed,
        airspeed: params.airspeed,
        heading: params.heading
      })

      windDir.set({
        direction: params.windir,
        speed: params.windvel
      })

      weatherControl.set({
        windspeed: params.windvel,
        winddir: params.windir,
        pressure: params.pressure,
        temperature: params.temperature,
        tat: params.tat
      })

      if (lockView) {
        _map.setView(point)
      }

      if(i % 10 === 0){
        hotlineflightPath.addLatLng([params.lat, params.lng, params.alt])
        hotlineflightPath.redraw()
      }

      i++;
      console.log(i);
    },
      1000);
  }

test()*/